0
70  70  70  3   4   4   4   4   4   4   5   34  21  21  21  21
70  70  3   18  18  18  18  18  18  18  18  5   34  21  21  21
70  3   18  18  18  32  32  32  32  18  18  18  5   34  21  21
3   18  18  18  33  70  38  39  70  31  18  18  18  5   20  21
17  18  18  33  70  10  52  53  12  70  31  18  18  19  20  21
17  18  19  70  23  24  66  67  26  27  70  17  18  19  20  21
17  18  19  70  37  54  25  25  54  41  70  17  18  19  20  21
17  18  19  70  51  54  25  25  54  55  70  17  18  19  20  21
17  18  19  70  65  54  25  25  54  69  70  17  18  19  20  21
17  18  18  5   79  81  25  25  82  83  3   18  18  19  20  21
31  18  18  18  5   70  70  70  70  3   18  18  18  33  20  21
70  31  18  18  19  70  70  70  70  17  18  18  33  70  20  21
70  70  31  32  33  70  70  70  70  31  32  33  70  6   21  21
70  70  70  70  70  70  70  70  70  70  70  70  6   21  21  21
8   70  70  70  70  84  85  86  70  70  6   7   21  21  21  21